23000007000102700
23000007000137900
23000007000139300
23000007000139400
23000007000140500
23000007000141500
23000007000141600
23000007000141700
23000007000141800
23000007000141900
23000007000142000
23000007000142100
23000007000142200
23000007000142300
23000007000142400
23000007000142500
23000007000142600
23000007000142700
23000007000142800
23000007000142900
23000007000143000
23000007000143100
23000007000143200
23000007000143300
23000007000143400
23000007000143600
23000007000144200
23000007000144300
23000007000144400
23000007000144500
23000007000144600
23000007000144700
23000007000144800
23000007000144900
23000007000145000
23000007000145100
23000007000145200
23000007000145300
23000007000145400
23000007000145500
23000007000145600
23000007000145700
23000007000145800
23000007000145900
23000007000146000
23000007000146100
23000007000146600
23000007000147100
23000007000147200
23000007000147300
23000007000147400
23000007000147500
23000007000147600
23000007000147700
23000007000147800
23000007000148000
23000007000148100
23000007000148400
23000007000148500
23000007000148600
23000007000148700
23000007000148800
23000007000148900
23000007000149000
23000007000149100
23000007000149200
23000007000149300
23000007000149400
23000007000149500
23000007000149600
23000007000149700
23000007000149800
23000007000149900
23000007000150000
23000007000150100
23000007000150200
23000007000150300
23000007000150400
23000007000150500
23000007000151000
23000007000151300
23000007000151600
23000007000152300
23000007000152400
23000007000152500
23000007000152600
23000007000152700
23000007000152800
23000007000152900
23000007000153000
23000007000153100
23000007000153200
23000007000153300
23000007000153500
23000007000153600
23000007000153700
23000007000153800
23000007000153900
23000007000154000
23000007000154100
23000007000154200
23000007000154300
23000007000154400
23000007000154500
23000007000154600
23000007000154700
23000007000154800
23000007000155000
23000007000155100
23000007000155200
23000007000155300
23000007000155400
23000007000155600
23000007000155700
23000007000155800
23000007000155900
23000007000156000
23000007000156100
23000007000156200
23000007000156300
23000007000156400
23000007000156500
23000007000156600
23000007000156700
23000007000156800
23000007000156900
23000007000157700
23000007000157900
23000007000158200
23000007000158300
23000007000158400
23000007000158500
23000007000158600
23000007000158700
23000007000158800
23000007000158900
23000007000159000
23000007000159100
23000007000159200
23000007000159400
23000007000159500
23000007000159600
23000007000159700
23000007000159800
23000007000159900
23000007000160000
23000007000160100
23000007000160200
23000007000160300
23000007000160400
23000007000160500
23000007000160600
23000007000160800
23000007000161000
23000007000161100
23000007000161200
23000007000161300
23000007000161500
23000007000161600
23000007000161700
23000007000161900
23000007000162000
23000007000162100
23000007000162200
23000007000162300
23000007000162500
23000007000162600
23000007000162700
23000007000162800
23000007000162900
23000007000163000
23000007000163100
23000007000163200
23000007000163300
23000007000163400
23000007000163500
23000007000163600
23000007000163700
23000007000163800
23000007000163900
23000007000164000
23000007000164100
23000007000164200
23000007000164300
23000007000164400
23000007000164500
23000007000164600
23000007000164700
23000007000164900
23000007000165000
23000007000165100
23000007000165200
23000007000165300
23000007000165400
23000007000165500
23000007000165600
23000007000165900
23000007000166100
23000007000166200
23000007000166300
23000007000166400
23000007000166500
23000007000166600
23000007000166700
23000007000166800
23000007000166900
23000007000167000
23000007000167100
23000007000167200
23000007000167300
23000007000167400
23000007000167500
23000007000167600
23000007000167700
23000007000167900
23000007000168000
23000007000168100
23000007000168200
23000007000168300
23000007000168400
23000007000168500
23000007000168600
23000007000168700
23000007000168800
23000007000168900
23000007000169000
23000007000169300
23000007000169400
23000007000169500
23000007000169600
23000007000169800
23000007000169900
23000007000170000
23000007000170100
23000007000170300
23000007000170400
23000007000170500
23000007000170600
23000007000170700
23000007000170800
23000007000170900
23000007000171100
23000007000171500
23000007000171600
23000007000171800
23000007000171900
23000007000172000
23000007000172100
23000007000172200
23000007000172300
23000007000172400
23000007000172500
23000007000172600
23000007000172700
23000007000172800
23000007000172900
23000007000173000
23000007000173100
23000007000173200
23000007000173300
23000007000173400
23000007000173500
23000007000173600
23000007000173700
23000007000173800
23000007000173900
23000007000174000
23000007000174100
23000007000174200
23000007000174300
23000007000174400
23000007000174500
23000007000174600
23000007000174700
23000007000174800
23000007000175000
23000007000175100
23000007000175200
23000007000175300
23000007000175400
23000007000175500
23000007000175600
23000007000175700
23000007000175800
23000007000175900
23000007000176000
23000007000176100
23000007000176200
23000007000176300
23000007000176400
23000007000176500
23000007000176600
23000007000176700
23000007000176800
23000007000176900
23000007000177000
23000007000177100
23000007000177200
23000007000177300
23000007000177400
23000007000177500
23000007000177600
23000007000177700
23000007000177800
23000007000177900
23000007000178000
23000007000178100
23000007000178200
23000007000178300
23000007000178400
23000007000178500
23000007000178600
23000007000178700
23000007000178800
23000007000178900
23000007000179000
23000007000179100
23000007000179200
23000007000179300
23000007000179400
23000007000179500
23000007000179600
23000007000179700
23000007000179800
23000007000179900
23000007000180100
23000007000180200
23000007000180400
23000007000180500
23000007000180600
23000007000180700
23000007000180800
23000007000180900
23000007000181000
23000007000181100
23000007000181200
23000007000181500
23000007000181600
23000007000181900
23000007000182000
23000007000182300
23000007000182400
23000007000182500
23000007000182700
23000007000183000
23000007000183100
23000007000183200
23000007000183300
23000007000183400
23000007000183700
23000007000183800
23000007000184000
23000007000184100
23000007000184200
23000007000184300
23000007000184500
23000007000184600
23000007000184700
23000007000184800
23000007000184900
23000007000185000
23000007000185100
23000007000185300
23000007000185500
23000007000185700
23000007000185900
23000007000186000
23000007000186100
23000007000186200
23000007000186300
23000007000186400
23000007000186500
23000007000186600
23000007000186700
23000007000186800
23000007000186900
23000007000187000
23000007000187300
23000007000187400
23000007000187500
23000007000187700
23000007000187800
23000007000187900
23000007000188200
23000007000188300
23000007000188400
23000007000188500
23000007000188600
23000007000188800
23000007000188900
23000007000189000
23000007000189100
23000007000189400
23000007000189500
23000007000189700
23000007000189800
23000007000189900
23000007000190000
23000007000190100
23000007000190200
23000007000190300
23000007000190400
23000007000190500
23000007000190600
23000007000190700
23000007000190800
23000007000190900
23000007000191000
23000007000191100
23000007000191500
23000007000191600
23000007000191700
23000007000191800
23000007000192000
23000007000192100
23000007000192200
23000007000192300
23000007000192400
23000007000192500
23000007000192600
23000007000192700
23000007000192800
23000007000192900
23000007000193000
23000007000193100
23000007000193200
23000007000193300
23000007000193400
23000007000193500
23000007000193700
23000007000193800
23000007000193900
23000007000194000
23000007000194100
23000007000194200
23000007000194300
23000007000194400
23000007000194500
23000007000194600
23000007000194700
23000007000194800
23000007000194900
23000007000195300
23000007000195400
23000007000195500
23000007000195600
23000007000195800
23000007000195900
23000007000196000
23000007000196100
23000007000196200
23000007000196300
23000007000196400
23000007000196500
23000007000196700
23000007000196800
23000007000197000
23000007000197100
23000007000197200
23000007000197300
23000007000197400
23000007000197600
23000007000197700
23000007000197800
23000007000197900
23000007000198000
23000007000198100
23000007000198200
23000007000198300
23000007000198500
23000007000198600
23000007000198700
23000007000198800
23000007000198900
23000007000199000
23000007000199100
23000007000199200
23000007000199300
23000007000199400
23000007000199500
23000007000199700
23000007000199800
23000007000199900
23000007000200000
23000007000200200
23000007000200300
23000007000200400
23000007000200500
23000007000200600
23000007000200700
23000007000200900
23000007000201000
23000007000201100
23000007000201200
23000007000201300
23000007000201500
23000007000201600
23000007000201700
23000007000201800
23000007000201900
23000007000202000
23000007000202200
23000007000202300
23000007000202400
23000007000202500
23000007000202600
23000007000202700
23000007000202800
23000007000202900
23000007000203100
23000007000203200
23000007000203300
23000007000203400
23000007000203500
23000007000203700
23000007000203900
23000007000204000
23000007000204100
23000007000204200
23000007000204300
23000007000204400
23000007000204500
23000007000204600
23000007000204700
23000007000204900
23000007000205000
23000007000205100
23000007000205200
23000007000205300
23000007000205400
23000007000205500
23000007000205600
23000007000205800
23000007000206100
23000007000206200
23000007000206300
23000007000206500
23000007000206600
23000007000206700
23000007000206900
23000007000207000
23000007000207100
23000007000207200
23000007000207300
23000007000207400
23000007000207500
23000007000207700
23000007000207800
23000007000207900
23000007000208000
23000007000208100
23000007000208200
23000007000208300
23000007000208400
23000007000208500
23000007000208600
23000007000208700
23000007000208800
23000007000208900
23000007000209000
23000007000209100
23000007000209200
23000007000209300
23000007000209400
23000007000209700
23000007000209800
23000007000209900
23000007000210000
23000007000210100
23000007000210200
23000007000210400
23000007000210500
23000007000210600
23000007000210700
23000007000210800
23000007000210900
23000007000211000
23000007000211100
23000007000211200
23000007000211400
23000007000211600
23000007000211700
23000007000211900
23000007000212000
23000007000212100
23000007000212200
23000007000212300
23000007000212400
23000007000212500
23000007000212600
23000007000212700
23000007000212800
23000007000212900
23000007000213200
23000007000213300
23000007000213400
23000007000213500
23000007000213600
23000007000213700
23000007000213800
23000007000213900
23000007000214000
23000007000214100
23000007000214200
23000007000214300
23000007000214400
23000007000214500
23000007000214700
23000007000214800
23000007000214900
23000007000215000
23000007000215100
23000007000215200
23000007000215300
23000007000215500
23000007000215600
23000007000215700
23000007000215800
23000007000215900
23000007000216000
23000007000216100
23000007000216200
23000007000216300
23000007000216400
23000007000216500
23000007000216600
23000007000216700
23000007000216800
23000007000216900
23000007000217000
23000007000217100
23000007000217200
23000007000217300
23000007000217500
23000007000217600
23000007000217700
23000007000217800
23000007000217900
23000007000218200
23000007000218300
23000007000218400
23000007000218600
23000007000218700
23000007000218800
23000007000218900
23000007000219000
23000007000219100
23000007000219200
23000007000219400
23000007000219500
23000007000219600
23000007000219700
23000007000220400
23000007000220700
23000007000220800
23000007000221400
23000007000221800
23000007000222000
23000007000222400
23000007000223100
23000007000223400
23000007000223500
23000007000224200
23000007000224600
23000007000224900
23000007000225100
23000007000225500
23000007000226200
23000007000226300
23000007000226800
23000007000227100
23000007000227400
23000007000227500
23000007000227600
23000007000228400
23000007000229200
23000007000229300
23000007000230000
23000007000231100
23000007000231600
23000007000232100
23000007000232200
23000007000232300
23000007000232600
23000007000232700
23000007000234800
23000007000236000
23000007000236400
23000007000236500
23000007000236900
23000007000237200
23000007000238700
23000007000239300
23000007036002000
23000007077000300
23000007117000100
23000007118000100
23000007118000200
23000007118000300
23000007118000400
23000007118000500
23000007118000600
23000007118000700
23000007118000800
23000007118000900
23000007118001200
23000007118001300
23000007118001400
23000007118001500
23000007118001900
23000007119000100
23000007119000200
23000007119000300
23000007120000200
23000007121000600
23000007121000700
23000007122000100
23000007122000300
23000007122000500
23000007122000600
23000007122000700
23000007122000900
23000007122001000
23000007122001100
23000007122001800
23000007122002000
23000007122002100
23000007122002200
23000007122002400
23000007123000300
23000007123000700
23000007123000800
23000007123001400
23000007123001500
23000007123001600
23000007123001700
23000007123002000
23000007124000400
23000007124000600
23000007125000300
23000007125000400
23000007125000600
23000007125000700
23000007125001100
23000007125001500
23000007125001700
23000007126000100
23000007126000200
23000007127000100
23000007127000200
23000007128000200
23000007128000300
23000007128000500
23000007128000600
23000007128000800
23000007128000900
23000007129000300
23000007129000400
23000007129000600
23000007129000700
23000007129000800
23000007129000900
23000007129001000
23000007129001100
23000007130000200
23000007130000400
23000007130000900
23000007130001200
23000007131000200
23000007131000300
23000007131000500
23000007131000600
23000007131000700
23000007131001000
23000007131001300
23000007132000100
23000007132000300
23000007132000400
23000007133000200
23000007133000300
23000007133000400
23000007133000500
23000007133000600
23000007134000600
23000007134000800
23000007134001500
23000007134002000
23000007134002800
23000007134003300
23000007135000100
23000007135000200
23000007135000300
23000007135000400
23000007135000800
23000007135001000
23000007135001100
23000007135001300
23000007135001500
23000007135001600
23000007135001700
23000007135001800
23000007135002300
23000007135002400
23000007135002600
23000007135002700
23000007135002800
23000007135002900
23000007135003000
23000007135003200
23000007136000200
23000007136001200
23000007136001400
23000007137000400
23000007138000300
23000007139000100
23000007139000200
23000007140000300
23000007140000400
23000007141000100
23000007141000500
23000007142000100
23000007142000200
23000007142000300
23000007142000400
23000007142000500
23000007142000600
23000007142000700
23000007142000800
23000007142001000
23000007142001400
23000007142001700
23000007143000100
23000007143000300
23000007143000400
23000007143000500
23000007143000700
23000007143000800
23000007143000900
23000007143001300
23000007143001400
23000007143001500
23000007143001600
23000007143001700
23000007143001900
23000007143002100
23000007143002200
23000007143002300
23000007145000100
23000007145000200
23000007145000300
23000007145000400
23000007145000500
23000007145000600
23000007145000700
23000007145000900
23000007145001000
23000007145001100
23000007145001200
23000007145001400
23000007145001500
23000007145001600
23000007145001800
23000007145001900
23000007145002000
23000007145002100
23000007145002200
23000007145002300
23000007145002400
23000007145002500
23000007145002600
23000007145002700
23000007146000100
23000007146000400
23000007146000700
23000007146000800
23000007146000900
23000007146001000
23000007146001100
23000007146001200
23000007146001300
23000007146001400
23000007146001600
23000007146001800
23000007146002400
23000007146002800
23000007147000100
23000007147000700
23000007147000800
23000007147000900
23000007147001000
23000007147001100
23000007147001300
23000007147001500
23000007147001600
23000007147001700
23000007147001900
23000007147002000
23000007147002100
23000007147002200
23000007147002400
23000007147002500
23000007147002600
23000007147002700
23000007147003100
23000007147003200
23000007147003300
23000007147003400
23000007147003900
23000007147004000
23000007147004100
23000007151000100
23000007151000200
23000007151000500
23000007151000600
23000007151000900
23000007151001000
23000007151001100
23000007151001200
23000007151001500
23000007151001600
23000007151002100
23000007151002500
23000007151002600
23000007151002700
23000007151003200
23000007152000100
23000007152000200
23000007152000300
23000007152000400
23000007152000500
23000007152000600
23000007152000700
23000007152000800
23000007152000900
23000007152001300
23000007153000100
23000007153000300
23000007153000600
23000007153000700
23000007153000800
23000007153001300
23000007153001400
23000007153001500
23000007153001700
23000007153001800
23000007153002000
23000007153002100
23000007153002200
23000007153002600
23000007153002800
23000007153003000
23000007153003500
23000007153003600
23000007154000900
23000007154001500
23000007154001900
23000007154002100
23000007154003000
23000007154003500
23000007155000200
23000007155000400
23000007155000500
23000007156000100
23000007156000200
23000007156000300
23000007156000500
23000007156000600
23000007156000800
23000007156000900
23000007157000100
23000007157000200
23000007157000400
23000007158000100
23000007159000100
23000007159000200
23000007159000300
23000007159000400
23000007159000500
23000007159000600
23000007159000900
23000007159001000
23000007159001100
23000007159001200
23000007160000100
23000007160000200
23000007160000300
23000007160000500
23000007160000700
23000007160000800
23000007160000900
23000007160001000
23000007160001100
23000007160001200
23000007160001300
23000007160001900
23000007161000300
23000007161000400
23000007161000600
23000007161000800
23000007161000900
23000007161001000
23000007161001100
23000007161001300
23000007161001400
23000007161001500
23000007161001600
23000007161001800
23000007161001900
23000007161002700
23000007162000100
23000007163000100
23000007164000100
23000007164000200
23000007164000300
23000007164000400
23000007164000500
23000007165000100
23000007165000300
23000007165000500
23000007165000600
23000007166000100
23000007166000200
23000007167000400
23000007168000200
23000007168000300
23000007169000200
23000007171000500
23000007171000600
23000007171000700
23000007172000100
23000007172000200
23000007172000300
23000007172000400
23000007172000500
23000007173000200
23000007174001000
23000007175000600
23000007175000700
23000007176000100
23000007176000200
23000007176000300
23000007176000400
23000007177000100
23000007177000200
23000007177000300
23000007178000200
23000007178000300
23000007178000400
23000007178000500
23000007180000200
23000007180000300
23000007181000100
23000007181000200
23000007181000300
23000007182000500
23000007182000900
23000007183000100
23000007183000300
23000007183000400
23000007183000600
23000007184000200
23000007184000400
23000007184000500
23000007184000600
23000007184000700
23000007184000800
23000007184000900
23000007185000800
23000007185000900
23000007185001100
23000007185001200
23000007186000100
23000007186000200
23000007186000700
23000007186000800
23000007186000900
23000007186001000
23000007186001100
23000007186001200
23000007186001300
23000007186001400
23000007186001500
23000007186001600
23000007186001700
23000007186001800
23000007186001900
23000007186002000
23000007187000200
23000007187000400
23000007187000500
23000007187000600
23000007187000700
23000007187000800
23000007188000100
23000007188000200
23000007188000400
23000007188000700
23000007188000900
23000007188001200
23000007189000100
23000007189000200
23000007189000300
23000007190000100
23000007190000200
23000007190000400
23000007190000500
23000007190000600
23000007190000700
23000007190000800
23000007190001000
23000007190001100
23000007190001200
23000007190001300
23000007190001400
23000007191000400
23000007191000500
23000007191000600
23000007192000100
23000007192000200
23000007192000300
23000007192000400
23000007193000100
23000007193000200
23000007193000300
23000007193000400
23000007193000500
23000007193000600
23000007193000700
23000007193000800
23000007194000100
23000007194000200
23000007195000200
23000007195000500
23000007195000600
